[[3]
 [1]
 [5]]
rvec [[-1.92257863  2.00473323 -0.27207002]]
tvec [[-61.21170497 -88.16605362 208.10468896]]
rvec [[ 2.1703352  -2.4538632   0.81092592]]
tvec [[-121.71445271  -82.68525887  175.31970173]]
rvec [[-1.94988886  2.07536962 -0.31164577]]
tvec [[  -2.08122459 -103.58017716  225.44682122]]
[[3]
 [1]
 [5]]
rvec [[-1.92257863  2.00473323 -0.27207002]]
tvec [[-61.21170497 -88.16605362 208.10468896]]
rvec [[ 2.1703352  -2.4538632   0.81092592]]
tvec [[-121.71445271  -82.68525887  175.31970173]]
rvec [[-1.94988886  2.07536962 -0.31164577]]
tvec [[  -2.08122459 -103.58017716  225.44682122]]

