[[6]

 [7]

 [2]]


tvec [[[ 78.33446663   2.74720827 161.60246761]]



 [[ 13.57042829   2.59867535 152.6197896 ]]



 [[-48.99276208   1.32167094 143.50615792]]]


rvec [[[ 3.11250215  0.02873776  0.1481218 ]]



 [[-3.13266942 -0.07034557 -0.20076933]]



 [[-3.13830168 -0.04278056 -0.17972312]]]


done







[[6]

 [7]

 [2]]


tvec [[[ 78.33446663   2.74720827 161.60246761]]



 [[ 13.61408606   2.54365542 152.43940397]]



 [[-48.99276208   1.32167094 143.50615792]]]


rvec [[[ 3.11250215  0.02873776  0.1481218 ]]



 [[ 3.1027983   0.067917    0.17898506]]



 [[-3.13830168 -0.04278056 -0.17972312]]]


done







[[6]

 [7]

 [2]]


tvec [[[ 78.33446663   2.74720827 161.60246761]]



 [[ 13.61408606   2.54365542 152.43940397]]



 [[-49.21806072   1.18396304 144.01481041]]]


rvec [[[3.11250215 0.02873776 0.1481218 ]]



 [[3.1027983  0.067917   0.17898506]]



 [[3.1341372  0.05494973 0.20306415]]]


done







[[6]

 [7]

 [2]]


tvec [[[ 78.33446663   2.74720827 161.60246761]]



 [[ 13.61408606   2.54365542 152.43940397]]



 [[-48.99276208   1.32167094 143.50615792]]]


rvec [[[ 3.11250215  0.02873776  0.1481218 ]]



 [[ 3.1027983   0.067917    0.17898506]]



 [[-3.13830168 -0.04278056 -0.17972312]]]


done







[[6]

 [7]

 [2]]


tvec [[[ 78.33446663   2.74720827 161.60246761]]



 [[ 13.61408606   2.54365542 152.43940397]]



 [[-48.99276208   1.32167094 143.50615792]]]


rvec [[[ 3.11250215  0.02873776  0.1481218 ]]



 [[ 3.1027983   0.067917    0.17898506]]



 [[-3.13830168 -0.04278056 -0.17972312]]]


done







[[6]

 [7]

 [2]]


tvec [[[ 78.33446663   2.74720827 161.60246761]]



 [[ 13.57042829   2.59867535 152.6197896 ]]



 [[-49.21806072   1.18396304 144.01481041]]]


rvec [[[ 3.11250215  0.02873776  0.1481218 ]]



 [[-3.13266942 -0.07034557 -0.20076933]]



 [[ 3.1341372   0.05494973  0.20306415]]]


done







[[6]

 [7]

 [2]]


tvec [[[ 78.33446663   2.74720827 161.60246761]]



 [[ 13.57042829   2.59867535 152.6197896 ]]



 [[-49.21806072   1.18396304 144.01481041]]]


rvec [[[ 3.11250215  0.02873776  0.1481218 ]]



 [[-3.13266942 -0.07034557 -0.20076933]]



 [[ 3.1341372   0.05494973  0.20306415]]]


done







[[6]

 [7]

 [2]]


tvec [[[ 78.33446663   2.74720827 161.60246761]]



 [[ 13.57042829   2.59867535 152.6197896 ]]



 [[-48.99276208   1.32167094 143.50615792]]]


rvec [[[ 3.11250215  0.02873776  0.1481218 ]]



 [[-3.13266942 -0.07034557 -0.20076933]]



 [[-3.13830168 -0.04278056 -0.17972312]]]


done







[[6]

 [7]

 [2]]


tvec [[[ 78.33446663   2.74720827 161.60246761]]



 [[ 13.57042829   2.59867535 152.6197896 ]]



 [[-48.99276208   1.32167094 143.50615792]]]


rvec [[[ 3.11250215  0.02873776  0.1481218 ]]



 [[-3.13266942 -0.07034557 -0.20076933]]



 [[-3.13830168 -0.04278056 -0.17972312]]]


done







[[6]

 [7]

 [2]]


tvec [[[ 78.33446663   2.74720827 161.60246761]]



 [[ 13.57042829   2.59867535 152.6197896 ]]



 [[-48.99276208   1.32167094 143.50615792]]]


rvec [[[ 3.11250215  0.02873776  0.1481218 ]]



 [[-3.13266942 -0.07034557 -0.20076933]]



 [[-3.13830168 -0.04278056 -0.17972312]]]


done







[[6]

 [7]

 [2]]


tvec [[[ 78.33446663   2.74720827 161.60246761]]



 [[ 13.61408606   2.54365542 152.43940397]]



 [[-48.99276208   1.32167094 143.50615792]]]


rvec [[[ 3.11250215  0.02873776  0.1481218 ]]



 [[ 3.1027983   0.067917    0.17898506]]



 [[-3.13830168 -0.04278056 -0.17972312]]]


done







[[6]

 [7]

 [2]]


tvec [[[ 78.33446663   2.74720827 161.60246761]]



 [[ 13.57042829   2.59867535 152.6197896 ]]



 [[-48.99276208   1.32167094 143.50615792]]]


rvec [[[ 3.11250215  0.02873776  0.1481218 ]]



 [[-3.13266942 -0.07034557 -0.20076933]]



 [[-3.13830168 -0.04278056 -0.17972312]]]


done







[[6]

 [7]

 [2]]


tvec [[[ 78.33446663   2.74720827 161.60246761]]



 [[ 13.57042829   2.59867535 152.6197896 ]]



 [[-48.99276208   1.32167094 143.50615792]]]


rvec [[[ 3.11250215  0.02873776  0.1481218 ]]



 [[-3.13266942 -0.07034557 -0.20076933]]



 [[-3.13830168 -0.04278056 -0.17972312]]]


done







[[6]

 [7]

 [2]]


tvec [[[ 78.33446663   2.74720827 161.60246761]]



 [[ 13.57042829   2.59867535 152.6197896 ]]



 [[-48.99276208   1.32167094 143.50615792]]]


rvec [[[ 3.11250215  0.02873776  0.1481218 ]]



 [[-3.13266942 -0.07034557 -0.20076933]]



 [[-3.13830168 -0.04278056 -0.17972312]]]


done







[[6]

 [7]

 [2]]


tvec [[[ 78.33446663   2.74720827 161.60246761]]



 [[ 13.61408606   2.54365542 152.43940397]]



 [[-48.99276208   1.32167094 143.50615792]]]


rvec [[[ 3.11250215  0.02873776  0.1481218 ]]



 [[ 3.1027983   0.067917    0.17898506]]



 [[-3.13830168 -0.04278056 -0.17972312]]]


done







[[6]

 [7]

 [2]]


tvec [[[ 78.33446663   2.74720827 161.60246761]]



 [[ 13.57042829   2.59867535 152.6197896 ]]



 [[-48.99276208   1.32167094 143.50615792]]]


rvec [[[ 3.11250215  0.02873776  0.1481218 ]]



 [[-3.13266942 -0.07034557 -0.20076933]]



 [[-3.13830168 -0.04278056 -0.17972312]]]


done







[[6]

 [7]

 [2]]


tvec [[[ 78.33446663   2.74720827 161.60246761]]



 [[ 13.61408606   2.54365542 152.43940397]]



 [[-48.99276208   1.32167094 143.50615792]]]


rvec [[[ 3.11250215  0.02873776  0.1481218 ]]



 [[ 3.1027983   0.067917    0.17898506]]



 [[-3.13830168 -0.04278056 -0.17972312]]]


done







[[6]

 [7]

 [2]]


tvec [[[ 78.33446663   2.74720827 161.60246761]]



 [[ 13.57042829   2.59867535 152.6197896 ]]



 [[-48.99276208   1.32167094 143.50615792]]]


rvec [[[ 3.11250215  0.02873776  0.1481218 ]]



 [[-3.13266942 -0.07034557 -0.20076933]]



 [[-3.13830168 -0.04278056 -0.17972312]]]


done







[[6]

 [7]

 [2]]


tvec [[[ 78.33446663   2.74720827 161.60246761]]



 [[ 13.57042829   2.59867535 152.6197896 ]]



 [[-48.99276208   1.32167094 143.50615792]]]


rvec [[[ 3.11250215  0.02873776  0.1481218 ]]



 [[-3.13266942 -0.07034557 -0.20076933]]



 [[-3.13830168 -0.04278056 -0.17972312]]]


done







[[6]

 [7]

 [2]]


tvec [[[ 78.33446663   2.74720827 161.60246761]]



 [[ 13.57042829   2.59867535 152.6197896 ]]



 [[-48.99276208   1.32167094 143.50615792]]]


rvec [[[ 3.11250215  0.02873776  0.1481218 ]]



 [[-3.13266942 -0.07034557 -0.20076933]]



 [[-3.13830168 -0.04278056 -0.17972312]]]


done







[[6]

 [7]

 [2]]


tvec [[[ 78.33446663   2.74720827 161.60246761]]



 [[ 13.57042829   2.59867535 152.6197896 ]]



 [[-48.99276208   1.32167094 143.50615792]]]


rvec [[[ 3.11250215  0.02873776  0.1481218 ]]



 [[-3.13266942 -0.07034557 -0.20076933]]



 [[-3.13830168 -0.04278056 -0.17972312]]]


done







[[6]

 [7]

 [2]]


tvec [[[ 78.33446663   2.74720827 161.60246761]]



 [[ 13.57042829   2.59867535 152.6197896 ]]



 [[-48.99276208   1.32167094 143.50615792]]]


rvec [[[ 3.11250215  0.02873776  0.1481218 ]]



 [[-3.13266942 -0.07034557 -0.20076933]]



 [[-3.13830168 -0.04278056 -0.17972312]]]


done







[[6]

 [7]

 [2]]


tvec [[[ 78.33446663   2.74720827 161.60246761]]



 [[ 13.57042829   2.59867535 152.6197896 ]]



 [[-48.99276208   1.32167094 143.50615792]]]


rvec [[[ 3.11250215  0.02873776  0.1481218 ]]



 [[-3.13266942 -0.07034557 -0.20076933]]



 [[-3.13830168 -0.04278056 -0.17972312]]]


done







[[6]

 [7]

 [2]]


tvec [[[ 78.33446663   2.74720827 161.60246761]]



 [[ 13.61408606   2.54365542 152.43940397]]



 [[-48.99276208   1.32167094 143.50615792]]]


rvec [[[ 3.11250215  0.02873776  0.1481218 ]]



 [[ 3.1027983   0.067917    0.17898506]]



 [[-3.13830168 -0.04278056 -0.17972312]]]


done







[[6]

 [7]

 [2]]


tvec [[[ 78.33446663   2.74720827 161.60246761]]



 [[ 13.61408606   2.54365542 152.43940397]]



 [[-48.99276208   1.32167094 143.50615792]]]


rvec [[[ 3.11250215  0.02873776  0.1481218 ]]



 [[ 3.1027983   0.067917    0.17898506]]



 [[-3.13830168 -0.04278056 -0.17972312]]]


done







[[6]

 [7]

 [2]]


tvec [[[ 78.33446663   2.74720827 161.60246761]]



 [[ 13.57042829   2.59867535 152.6197896 ]]



 [[-48.99276208   1.32167094 143.50615792]]]


rvec [[[ 3.11250215  0.02873776  0.1481218 ]]



 [[-3.13266942 -0.07034557 -0.20076933]]



 [[-3.13830168 -0.04278056 -0.17972312]]]


done







[[6]

 [7]

 [2]]


tvec [[[ 78.33446663   2.74720827 161.60246761]]



 [[ 13.57042829   2.59867535 152.6197896 ]]



 [[-48.99276208   1.32167094 143.50615792]]]


rvec [[[ 3.11250215  0.02873776  0.1481218 ]]



 [[-3.13266942 -0.07034557 -0.20076933]]



 [[-3.13830168 -0.04278056 -0.17972312]]]


done







[[6]

 [7]

 [2]]


tvec [[[ 78.33446663   2.74720827 161.60246761]]



 [[ 13.61408606   2.54365542 152.43940397]]



 [[-48.99276208   1.32167094 143.50615792]]]


rvec [[[ 3.11250215  0.02873776  0.1481218 ]]



 [[ 3.1027983   0.067917    0.17898506]]



 [[-3.13830168 -0.04278056 -0.17972312]]]


done







[[6]

 [7]

 [2]]


tvec [[[ 78.33446663   2.74720827 161.60246761]]



 [[ 13.57042829   2.59867535 152.6197896 ]]



 [[-48.99276208   1.32167094 143.50615792]]]


rvec [[[ 3.11250215  0.02873776  0.1481218 ]]



 [[-3.13266942 -0.07034557 -0.20076933]]



 [[-3.13830168 -0.04278056 -0.17972312]]]


done







[[6]

 [7]

 [2]]


tvec [[[ 78.33446663   2.74720827 161.60246761]]



 [[ 13.61408606   2.54365542 152.43940397]]



 [[-48.99276208   1.32167094 143.50615792]]]


rvec [[[ 3.11250215  0.02873776  0.1481218 ]]



 [[ 3.1027983   0.067917    0.17898506]]



 [[-3.13830168 -0.04278056 -0.17972312]]]


done







[[6]

 [7]

 [2]]


tvec [[[ 78.33446663   2.74720827 161.60246761]]



 [[ 13.57042829   2.59867535 152.6197896 ]]



 [[-48.99276208   1.32167094 143.50615792]]]


rvec [[[ 3.11250215  0.02873776  0.1481218 ]]



 [[-3.13266942 -0.07034557 -0.20076933]]



 [[-3.13830168 -0.04278056 -0.17972312]]]


done







[[6]

 [7]

 [2]]


tvec [[[ 78.33446663   2.74720827 161.60246761]]



 [[ 13.57042829   2.59867535 152.6197896 ]]



 [[-48.99276208   1.32167094 143.50615792]]]


rvec [[[ 3.11250215  0.02873776  0.1481218 ]]



 [[-3.13266942 -0.07034557 -0.20076933]]



 [[-3.13830168 -0.04278056 -0.17972312]]]


done







[[6]

 [7]

 [2]]


tvec [[[ 78.33446663   2.74720827 161.60246761]]



 [[ 13.61408606   2.54365542 152.43940397]]



 [[-48.99276208   1.32167094 143.50615792]]]


rvec [[[ 3.11250215  0.02873776  0.1481218 ]]



 [[ 3.1027983   0.067917    0.17898506]]



 [[-3.13830168 -0.04278056 -0.17972312]]]


done







[[6]

 [7]

 [2]]


tvec [[[ 78.33446663   2.74720827 161.60246761]]



 [[ 13.57042829   2.59867535 152.6197896 ]]



 [[-48.99276208   1.32167094 143.50615792]]]


rvec [[[ 3.11250215  0.02873776  0.1481218 ]]



 [[-3.13266942 -0.07034557 -0.20076933]]



 [[-3.13830168 -0.04278056 -0.17972312]]]


done







[[6]

 [7]

 [2]]


tvec [[[ 78.33446663   2.74720827 161.60246761]]



 [[ 13.61408606   2.54365542 152.43940397]]



 [[-48.99276208   1.32167094 143.50615792]]]


rvec [[[ 3.11250215  0.02873776  0.1481218 ]]



 [[ 3.1027983   0.067917    0.17898506]]



 [[-3.13830168 -0.04278056 -0.17972312]]]


done







[[6]

 [7]

 [2]]


tvec [[[ 78.33446663   2.74720827 161.60246761]]



 [[ 13.57042829   2.59867535 152.6197896 ]]



 [[-48.99276208   1.32167094 143.50615792]]]


rvec [[[ 3.11250215  0.02873776  0.1481218 ]]



 [[-3.13266942 -0.07034557 -0.20076933]]



 [[-3.13830168 -0.04278056 -0.17972312]]]


done







[[6]

 [7]

 [2]]


tvec [[[ 78.33446663   2.74720827 161.60246761]]



 [[ 13.57042829   2.59867535 152.6197896 ]]



 [[-48.99276208   1.32167094 143.50615792]]]


rvec [[[ 3.11250215  0.02873776  0.1481218 ]]



 [[-3.13266942 -0.07034557 -0.20076933]]



 [[-3.13830168 -0.04278056 -0.17972312]]]


done







[[6]

 [7]

 [2]]


tvec [[[ 78.33446663   2.74720827 161.60246761]]



 [[ 13.57042829   2.59867535 152.6197896 ]]



 [[-48.99276208   1.32167094 143.50615792]]]


rvec [[[ 3.11250215  0.02873776  0.1481218 ]]



 [[-3.13266942 -0.07034557 -0.20076933]]



 [[-3.13830168 -0.04278056 -0.17972312]]]


done







[[6]

 [7]

 [2]]


tvec [[[ 78.33446663   2.74720827 161.60246761]]



 [[ 13.57042829   2.59867535 152.6197896 ]]



 [[-48.99276208   1.32167094 143.50615792]]]


rvec [[[ 3.11250215  0.02873776  0.1481218 ]]



 [[-3.13266942 -0.07034557 -0.20076933]]



 [[-3.13830168 -0.04278056 -0.17972312]]]


done







[[6]

 [7]

 [2]]


tvec [[[ 78.33446663   2.74720827 161.60246761]]



 [[ 13.57042829   2.59867535 152.6197896 ]]



 [[-48.99276208   1.32167094 143.50615792]]]


rvec [[[ 3.11250215  0.02873776  0.1481218 ]]



 [[-3.13266942 -0.07034557 -0.20076933]]



 [[-3.13830168 -0.04278056 -0.17972312]]]


done







[[6]

 [7]

 [2]]


tvec [[[ 78.33446663   2.74720827 161.60246761]]



 [[ 13.61408606   2.54365542 152.43940397]]



 [[-48.99276208   1.32167094 143.50615792]]]


rvec [[[ 3.11250215  0.02873776  0.1481218 ]]



 [[ 3.1027983   0.067917    0.17898506]]



 [[-3.13830168 -0.04278056 -0.17972312]]]


done







[[6]

 [7]

 [2]]


tvec [[[ 78.33446663   2.74720827 161.60246761]]



 [[ 13.57042829   2.59867535 152.6197896 ]]



 [[-48.99276208   1.32167094 143.50615792]]]


rvec [[[ 3.11250215  0.02873776  0.1481218 ]]



 [[-3.13266942 -0.07034557 -0.20076933]]



 [[-3.13830168 -0.04278056 -0.17972312]]]


done







[[6]

 [7]

 [2]]


tvec [[[ 78.33446663   2.74720827 161.60246761]]



 [[ 13.57042829   2.59867535 152.6197896 ]]



 [[-48.99276208   1.32167094 143.50615792]]]


rvec [[[ 3.11250215  0.02873776  0.1481218 ]]



 [[-3.13266942 -0.07034557 -0.20076933]]



 [[-3.13830168 -0.04278056 -0.17972312]]]


done







[[6]

 [7]

 [2]]


tvec [[[ 78.33446663   2.74720827 161.60246761]]



 [[ 13.61408606   2.54365542 152.43940397]]



 [[-48.99276208   1.32167094 143.50615792]]]


rvec [[[ 3.11250215  0.02873776  0.1481218 ]]



 [[ 3.1027983   0.067917    0.17898506]]



 [[-3.13830168 -0.04278056 -0.17972312]]]


done







[[6]

 [7]

 [2]]


tvec [[[ 78.33446663   2.74720827 161.60246761]]



 [[ 13.61408606   2.54365542 152.43940397]]



 [[-48.99276208   1.32167094 143.50615792]]]


rvec [[[ 3.11250215  0.02873776  0.1481218 ]]



 [[ 3.1027983   0.067917    0.17898506]]



 [[-3.13830168 -0.04278056 -0.17972312]]]


done







[[6]

 [7]

 [2]]


tvec [[[ 78.33446663   2.74720827 161.60246761]]



 [[ 13.57042829   2.59867535 152.6197896 ]]



 [[-48.99276208   1.32167094 143.50615792]]]


rvec [[[ 3.11250215  0.02873776  0.1481218 ]]



 [[-3.13266942 -0.07034557 -0.20076933]]



 [[-3.13830168 -0.04278056 -0.17972312]]]


done







[[6]

 [7]

 [2]]


tvec [[[ 78.33446663   2.74720827 161.60246761]]



 [[ 13.57042829   2.59867535 152.6197896 ]]



 [[-48.99276208   1.32167094 143.50615792]]]


rvec [[[ 3.11250215  0.02873776  0.1481218 ]]



 [[-3.13266942 -0.07034557 -0.20076933]]



 [[-3.13830168 -0.04278056 -0.17972312]]]


done







[[6]

 [7]

 [2]]


tvec [[[ 78.33446663   2.74720827 161.60246761]]



 [[ 13.57042829   2.59867535 152.6197896 ]]



 [[-48.99276208   1.32167094 143.50615792]]]


rvec [[[ 3.11250215  0.02873776  0.1481218 ]]



 [[-3.13266942 -0.07034557 -0.20076933]]



 [[-3.13830168 -0.04278056 -0.17972312]]]


done







[[6]

 [7]

 [2]]


tvec [[[ 78.33446663   2.74720827 161.60246761]]



 [[ 13.61408606   2.54365542 152.43940397]]



 [[-48.99276208   1.32167094 143.50615792]]]


rvec [[[ 3.11250215  0.02873776  0.1481218 ]]



 [[ 3.1027983   0.067917    0.17898506]]



 [[-3.13830168 -0.04278056 -0.17972312]]]


done







[[6]

 [7]

 [2]]


tvec [[[ 78.33446663   2.74720827 161.60246761]]



 [[ 13.57042829   2.59867535 152.6197896 ]]



 [[-48.99276208   1.32167094 143.50615792]]]


rvec [[[ 3.11250215  0.02873776  0.1481218 ]]



 [[-3.13266942 -0.07034557 -0.20076933]]



 [[-3.13830168 -0.04278056 -0.17972312]]]


done







[[6]

 [7]

 [2]]


tvec [[[ 78.33446663   2.74720827 161.60246761]]



 [[ 13.61408606   2.54365542 152.43940397]]



 [[-48.99276208   1.32167094 143.50615792]]]


rvec [[[ 3.11250215  0.02873776  0.1481218 ]]



 [[ 3.1027983   0.067917    0.17898506]]



 [[-3.13830168 -0.04278056 -0.17972312]]]


done







[[6]

 [7]

 [2]]


tvec [[[ 78.33446663   2.74720827 161.60246761]]



 [[ 13.57042829   2.59867535 152.6197896 ]]



 [[-48.99276208   1.32167094 143.50615792]]]


rvec [[[ 3.11250215  0.02873776  0.1481218 ]]



 [[-3.13266942 -0.07034557 -0.20076933]]



 [[-3.13830168 -0.04278056 -0.17972312]]]


done







[[6]

 [7]

 [2]]


tvec [[[ 78.33446663   2.74720827 161.60246761]]



 [[ 13.57042829   2.59867535 152.6197896 ]]



 [[-48.99276208   1.32167094 143.50615792]]]


rvec [[[ 3.11250215  0.02873776  0.1481218 ]]



 [[-3.13266942 -0.07034557 -0.20076933]]



 [[-3.13830168 -0.04278056 -0.17972312]]]


done







[[6]

 [7]

 [2]]


tvec [[[ 78.33446663   2.74720827 161.60246761]]



 [[ 13.57042829   2.59867535 152.6197896 ]]



 [[-49.21806072   1.18396304 144.01481041]]]


rvec [[[ 3.11250215  0.02873776  0.1481218 ]]



 [[-3.13266942 -0.07034557 -0.20076933]]



 [[ 3.1341372   0.05494973  0.20306415]]]


done







[[6]

 [7]

 [2]]


tvec [[[ 78.33446663   2.74720827 161.60246761]]



 [[ 13.57042829   2.59867535 152.6197896 ]]



 [[-48.99276208   1.32167094 143.50615792]]]


rvec [[[ 3.11250215  0.02873776  0.1481218 ]]



 [[-3.13266942 -0.07034557 -0.20076933]]



 [[-3.13830168 -0.04278056 -0.17972312]]]


done







[[6]

 [7]

 [2]]


tvec [[[ 78.33446663   2.74720827 161.60246761]]



 [[ 13.57042829   2.59867535 152.6197896 ]]



 [[-49.21806072   1.18396304 144.01481041]]]


rvec [[[ 3.11250215  0.02873776  0.1481218 ]]



 [[-3.13266942 -0.07034557 -0.20076933]]



 [[ 3.1341372   0.05494973  0.20306415]]]


done







[[6]

 [7]

 [2]]


tvec [[[ 78.33446663   2.74720827 161.60246761]]



 [[ 13.57042829   2.59867535 152.6197896 ]]



 [[-48.99276208   1.32167094 143.50615792]]]


rvec [[[ 3.11250215  0.02873776  0.1481218 ]]



 [[-3.13266942 -0.07034557 -0.20076933]]



 [[-3.13830168 -0.04278056 -0.17972312]]]


done







[[6]

 [7]

 [2]]


tvec [[[ 78.33446663   2.74720827 161.60246761]]



 [[ 13.61408606   2.54365542 152.43940397]]



 [[-48.99276208   1.32167094 143.50615792]]]


rvec [[[ 3.11250215  0.02873776  0.1481218 ]]



 [[ 3.1027983   0.067917    0.17898506]]



 [[-3.13830168 -0.04278056 -0.17972312]]]


done







[[6]

 [7]

 [2]]


tvec [[[ 78.33446663   2.74720827 161.60246761]]



 [[ 13.57042829   2.59867535 152.6197896 ]]



 [[-48.99276208   1.32167094 143.50615792]]]


rvec [[[ 3.11250215  0.02873776  0.1481218 ]]



 [[-3.13266942 -0.07034557 -0.20076933]]



 [[-3.13830168 -0.04278056 -0.17972312]]]


done







[[6]

 [7]

 [2]]


tvec [[[ 78.33446663   2.74720827 161.60246761]]



 [[ 13.57042829   2.59867535 152.6197896 ]]



 [[-48.99276208   1.32167094 143.50615792]]]


rvec [[[ 3.11250215  0.02873776  0.1481218 ]]



 [[-3.13266942 -0.07034557 -0.20076933]]



 [[-3.13830168 -0.04278056 -0.17972312]]]


done







[[6]

 [7]

 [2]]


tvec [[[ 78.33446663   2.74720827 161.60246761]]



 [[ 13.61408606   2.54365542 152.43940397]]



 [[-48.99276208   1.32167094 143.50615792]]]


rvec [[[ 3.11250215  0.02873776  0.1481218 ]]



 [[ 3.1027983   0.067917    0.17898506]]



 [[-3.13830168 -0.04278056 -0.17972312]]]


done







[[6]

 [7]

 [2]]


tvec [[[ 78.33446663   2.74720827 161.60246761]]



 [[ 13.61408606   2.54365542 152.43940397]]



 [[-48.99276208   1.32167094 143.50615792]]]


rvec [[[ 3.11250215  0.02873776  0.1481218 ]]



 [[ 3.1027983   0.067917    0.17898506]]



 [[-3.13830168 -0.04278056 -0.17972312]]]


done







[[6]

 [7]

 [2]]


tvec [[[ 78.33446663   2.74720827 161.60246761]]



 [[ 13.57042829   2.59867535 152.6197896 ]]



 [[-48.99276208   1.32167094 143.50615792]]]


rvec [[[ 3.11250215  0.02873776  0.1481218 ]]



 [[-3.13266942 -0.07034557 -0.20076933]]



 [[-3.13830168 -0.04278056 -0.17972312]]]


done







[[6]

 [7]

 [2]]


tvec [[[ 78.33446663   2.74720827 161.60246761]]



 [[ 13.61408606   2.54365542 152.43940397]]



 [[-48.99276208   1.32167094 143.50615792]]]


rvec [[[ 3.11250215  0.02873776  0.1481218 ]]



 [[ 3.1027983   0.067917    0.17898506]]



 [[-3.13830168 -0.04278056 -0.17972312]]]


done







[[6]

 [7]

 [2]]


tvec [[[ 77.86554696   2.82574788 160.59470369]]



 [[ 13.61408606   2.54365542 152.43940397]]



 [[-48.99276208   1.32167094 143.50615792]]]


rvec [[[ 3.12050161  0.02113776  0.16658269]]



 [[ 3.1027983   0.067917    0.17898506]]



 [[-3.13830168 -0.04278056 -0.17972312]]]


done







[[6]

 [7]

 [2]]


tvec [[[ 78.33446663   2.74720827 161.60246761]]



 [[ 13.57042829   2.59867535 152.6197896 ]]



 [[-48.99276208   1.32167094 143.50615792]]]


rvec [[[ 3.11250215  0.02873776  0.1481218 ]]



 [[-3.13266942 -0.07034557 -0.20076933]]



 [[-3.13830168 -0.04278056 -0.17972312]]]


done







[[6]

 [7]

 [2]]


tvec [[[ 78.33446663   2.74720827 161.60246761]]



 [[ 13.57042829   2.59867535 152.6197896 ]]



 [[-48.99276208   1.32167094 143.50615792]]]


rvec [[[ 3.11250215  0.02873776  0.1481218 ]]



 [[-3.13266942 -0.07034557 -0.20076933]]



 [[-3.13830168 -0.04278056 -0.17972312]]]


done







[[6]

 [7]

 [2]]


tvec [[[ 78.33446663   2.74720827 161.60246761]]



 [[ 13.57042829   2.59867535 152.6197896 ]]



 [[-48.99276208   1.32167094 143.50615792]]]


rvec [[[ 3.11250215  0.02873776  0.1481218 ]]



 [[-3.13266942 -0.07034557 -0.20076933]]



 [[-3.13830168 -0.04278056 -0.17972312]]]


done







[[6]

 [7]

 [2]]


tvec [[[ 78.33446663   2.74720827 161.60246761]]



 [[ 13.57042829   2.59867535 152.6197896 ]]



 [[-48.99276208   1.32167094 143.50615792]]]


rvec [[[ 3.11250215  0.02873776  0.1481218 ]]



 [[-3.13266942 -0.07034557 -0.20076933]]



 [[-3.13830168 -0.04278056 -0.17972312]]]


done







[[6]

 [7]

 [2]]


tvec [[[ 78.33446663   2.74720827 161.60246761]]



 [[ 13.61408606   2.54365542 152.43940397]]



 [[-48.99276208   1.32167094 143.50615792]]]


rvec [[[ 3.11250215  0.02873776  0.1481218 ]]



 [[ 3.1027983   0.067917    0.17898506]]



 [[-3.13830168 -0.04278056 -0.17972312]]]


done







[[6]

 [7]

 [2]]


tvec [[[ 78.33446663   2.74720827 161.60246761]]



 [[ 13.57042829   2.59867535 152.6197896 ]]



 [[-48.99276208   1.32167094 143.50615792]]]


rvec [[[ 3.11250215  0.02873776  0.1481218 ]]



 [[-3.13266942 -0.07034557 -0.20076933]]



 [[-3.13830168 -0.04278056 -0.17972312]]]


done







[[6]

 [7]

 [2]]


tvec [[[ 78.33446663   2.74720827 161.60246761]]



 [[ 13.57042829   2.59867535 152.6197896 ]]



 [[-48.99276208   1.32167094 143.50615792]]]


rvec [[[ 3.11250215  0.02873776  0.1481218 ]]



 [[-3.13266942 -0.07034557 -0.20076933]]



 [[-3.13830168 -0.04278056 -0.17972312]]]


done







[[6]

 [7]

 [2]]


tvec [[[ 77.86554696   2.82574788 160.59470369]]



 [[ 13.57042829   2.59867535 152.6197896 ]]



 [[-48.99276208   1.32167094 143.50615792]]]


rvec [[[ 3.12050161  0.02113776  0.16658269]]



 [[-3.13266942 -0.07034557 -0.20076933]]



 [[-3.13830168 -0.04278056 -0.17972312]]]


done







[[6]

 [7]

 [2]]


tvec [[[ 77.86554696   2.82574788 160.59470369]]



 [[ 13.57042829   2.59867535 152.6197896 ]]



 [[-48.99276208   1.32167094 143.50615792]]]


rvec [[[ 3.12050161  0.02113776  0.16658269]]



 [[-3.13266942 -0.07034557 -0.20076933]]



 [[-3.13830168 -0.04278056 -0.17972312]]]


done







[[6]

 [7]

 [2]]


tvec [[[ 78.33446663   2.74720827 161.60246761]]



 [[ 13.57042829   2.59867535 152.6197896 ]]



 [[-48.99276208   1.32167094 143.50615792]]]


rvec [[[ 3.11250215  0.02873776  0.1481218 ]]



 [[-3.13266942 -0.07034557 -0.20076933]]



 [[-3.13830168 -0.04278056 -0.17972312]]]


done







[[6]

 [7]

 [2]]


tvec [[[ 78.164089     2.77477407 161.67630506]]



 [[ 13.24255977   2.53850944 152.2458827 ]]



 [[-49.31772701   1.20102228 144.31697279]]]


rvec [[[-3.13945546 -0.03061207 -0.15151862]]



 [[-3.11839861 -0.0651673  -0.20590938]]



 [[-3.11856111 -0.04593756 -0.29028924]]]


done







[[7]

 [6]

 [2]]


tvec [[[ 15.51509632   2.76469323 153.40674999]]



 [[ 80.97865577   2.8011275  163.03192949]]



 [[-47.13969156   1.31421533 145.32468824]]]


rvec [[[-3.08673628 -0.06124428 -0.09138016]]



 [[-3.15169339 -0.02926614 -0.10447636]]



 [[-3.04422355 -0.06605403 -0.27324738]]]


done







[[7]

 [6]

 [2]]


tvec [[[ 18.21451638   2.50888946 152.48648602]]



 [[ 82.9299425    2.77127631 159.72553881]]



 [[-44.63989416   1.24037932 145.58618982]]]


rvec [[[ 3.12541136  0.06740349  0.14810696]]



 [[-3.15126699 -0.0297744  -0.13420366]]



 [[-3.14277049 -0.03751791 -0.21199589]]]


done







[[6]

 [7]

 [2]]


tvec [[[ 85.07706339   2.78725761 158.75826892]]



 [[ 20.01828587   2.49166626 151.65105772]]



 [[-42.59590255   1.32361416 144.81138065]]]


rvec [[[-3.14192786 -0.03124862 -0.11899892]]



 [[ 3.12075986  0.06382101  0.14887762]]



 [[ 3.13922767  0.04009335  0.20315254]]]


done







[[6]

 [7]

 [2]]


tvec [[[ 87.28507383   2.7634617  157.68494829]]



 [[ 22.04607772   2.59930748 151.37820219]]



 [[-40.88018942   1.25835963 145.15690158]]]


rvec [[[ 3.11358604  0.03007466  0.08508076]]



 [[-3.13431981 -0.07267356 -0.07447486]]



 [[ 3.09822533  0.03463517  0.20489143]]]


done







[[6]

 [7]

 [2]]


tvec [[[ 89.90303571   2.74245582 152.28314321]]



 [[ 25.00234267   2.58351123 147.34150306]]



 [[-38.08275839   1.43466036 141.53135262]]]


rvec [[[-3.14421245 -0.03170433 -0.10055957]]



 [[ 3.12444997  0.06626566  0.08764833]]



 [[-3.12686104 -0.04324383 -0.18389829]]]


done







[[6]

 [7]

 [2]]


tvec [[[ 89.64893292   2.79154229 151.09800711]]



 [[ 24.25730092   2.48249868 144.66320572]]



 [[-38.69704637   1.28500671 139.93752062]]]


rvec [[[ 3.12122707  0.02262953  0.07886555]]



 [[ 3.13321602  0.05710859  0.15264219]]



 [[-3.12360508 -0.04331705 -0.20499026]]]


done







[[6]

 [7]

 [2]]


tvec [[[ 87.88327225   2.73572587 148.01637355]]



 [[ 23.42469116   2.50194983 142.52103971]]



 [[-39.57096303   1.30319324 137.72425697]]]


rvec [[[ 3.11996954  0.02262068  0.12389765]]



 [[ 3.12243211  0.06482025  0.17009901]]



 [[-3.14787093 -0.03851983 -0.15212077]]]


done







[[6]

 [7]

 [2]]


tvec [[[ 84.42260624   2.77675523 141.65250419]]



 [[ 19.85630598   2.69819309 136.32578661]]



 [[-43.04065439   1.4091222  129.43111678]]]


rvec [[[ 3.11778109  0.02294031  0.1240875 ]]



 [[-3.12805343 -0.06886285 -0.1216575 ]]



 [[-3.12999424 -0.0442164  -0.16465836]]]


done







[[6]

 [7]

 [2]]


tvec [[[ 83.53303974   2.66571664 139.58750867]]



 [[ 18.95412888   2.3824454  133.37635812]]



 [[-44.00744244   1.14068349 127.19508922]]]


rvec [[[ 3.11967694  0.03111253  0.13159942]]



 [[ 3.10927146  0.06827476  0.16400403]]



 [[-3.12303719 -0.04494812 -0.19792279]]]


done







[[6]

 [7]

 [2]]


tvec [[[ 83.62592214   2.59010409 138.38395835]]



 [[ 18.55409829   2.43133208 131.41872114]]



 [[-44.33975551   1.15081036 124.3880587 ]]]


rvec [[[ 3.13336445  0.03915416  0.10714241]]



 [[-3.15267951 -0.07020487 -0.16068027]]



 [[ 3.13029574  0.04578558  0.13581796]]]


done







[[7]

 [2]]


tvec [[[ 18.07796821   2.3031074  124.28734777]]



 [[-44.58028325   1.09870858 117.92447451]]]


rvec [[[3.11869519 0.05709434 0.18319845]]



 [[3.12810591 0.0431298  0.13773351]]]


done







[[7]

 [2]]


tvec [[[ 18.60336159   2.49149452 123.31414593]]



 [[-44.48655963   1.09246949 117.63476064]]]


rvec [[[-3.14284442 -0.06198033 -0.15440804]]



 [[-3.14780869 -0.04611669 -0.19307093]]]


done







[[7]

 [2]]


tvec [[[ 18.8767545    2.38852396 122.10984402]]



 [[-43.87899053   1.16890181 116.10498762]]]


rvec [[[3.11957241 0.0686563  0.15980538]]



 [[3.13962679 0.03691527 0.17972446]]]


done







[[7]

 [2]]


tvec [[[ 21.00195101   2.44765644 118.94445383]]



 [[-41.89227625   1.21636565 113.36912245]]]


rvec [[[ 3.11783349  0.06456421  0.12433694]]



 [[-3.12314886 -0.04447903 -0.19027038]]]


done







[[7]

 [2]]


tvec [[[ 21.92804939   2.51330968 118.05435092]]



 [[-41.01009082   1.23840633 112.09444772]]]


rvec [[[3.12962297 0.05993669 0.10503805]]



 [[3.1374861  0.03482938 0.17201153]]]


done







[[7]

 [2]]


tvec [[[ 22.59229978   2.45651745 116.91959678]]



 [[-40.18991769   1.25673746 111.20220402]]]


rvec [[[3.1400304  0.06741667 0.11867258]]



 [[3.12296586 0.03961199 0.16920318]]]


done







[[7]

 [2]]


tvec [[[ 25.18671219   2.37982739 114.64103271]]



 [[-37.7988002    1.3012488  108.66031258]]]


rvec [[[ 3.11902555  0.06640666  0.07471841]]



 [[-3.14054575 -0.03571671 -0.13560628]]]


done







[[7]

 [2]]


tvec [[[ 25.86281354   2.43047564 112.99076933]]



 [[-37.09020501   1.3324141  107.84557804]]]


rvec [[[ 3.12825384  0.06207309  0.13553099]]



 [[-3.11952089 -0.04909365 -0.14328284]]]


done







[[7]

 [2]]


tvec [[[ 26.53272377   2.45637619 112.43254847]]



 [[-36.33980973   1.2688337  106.68277137]]]


rvec [[[ 3.11809214  0.06616172  0.09279934]]



 [[-3.14519046 -0.0456333  -0.09994888]]]


done







[[7]

 [2]]


tvec [[[ 26.85760831   2.51227223 111.62313679]]



 [[-36.25480414   1.31930188 106.27459253]]]


rvec [[[ 3.12651503  0.05849882  0.06602792]]



 [[-3.1161583  -0.05189876 -0.16101689]]]


done







[[7]

 [2]]


tvec [[[ 27.48629252   2.36303756 109.30288234]]



 [[-35.56614785   1.22158735 104.2935474 ]]]


rvec [[[ 3.12785154  0.06071962  0.10436029]]



 [[-3.12751373 -0.04280811 -0.15261472]]]


done







[[7]

 [2]]


tvec [[[ 27.72204696   2.44070559 109.5229361 ]]



 [[-35.08953236   1.27302528 104.04671398]]]


rvec [[[-3.14172297 -0.06540677 -0.11369575]]



 [[ 3.12529686  0.03622649  0.09120769]]]


done







[[7]

 [2]]


tvec [[[ 27.18466691   2.46160663 110.76872317]]



 [[-35.83595231   1.32834021 106.18261988]]]


rvec [[[-3.14237718 -0.06596133 -0.10997869]]



 [[-3.10977275 -0.05297961 -0.18244642]]]


done







[[7]

 [2]]


tvec [[[ 26.6299455    2.40032827 113.20343729]]



 [[-36.36219257   1.28740598 107.93132004]]]


rvec [[[-3.13922416 -0.06592253 -0.0831357 ]]



 [[ 3.13334349  0.04367211  0.16114294]]]


done







[[7]

 [2]]


tvec [[[ 27.35033321   2.42490274 122.69359878]]



 [[-35.73430214   1.39475764 117.87322976]]]


rvec [[[ 3.12173087  0.07029616  0.06599463]]



 [[-3.13573123 -0.03908158 -0.1052248 ]]]


done







[[7]

 [2]]


tvec [[[ 27.23570189   2.5551536  125.55739036]]



 [[-35.73606365   1.35002971 121.5894653 ]]]


rvec [[[ 3.13082254  0.0638596   0.07053345]]



 [[-3.14623396 -0.0475239  -0.11178251]]]


done







[[7]

 [2]]


tvec [[[ 26.97209974   2.56329009 128.08622419]]



 [[-36.17887109   1.40913704 124.49325557]]]


rvec [[[-3.13417989 -0.05959319 -0.0907395 ]]



 [[-3.09327314 -0.04595587 -0.13957884]]]


done







[[7]

 [2]]


tvec [[[ 26.48099442   2.53129041 131.12265891]]



 [[-36.54249915   1.32187019 127.106616  ]]]


rvec [[[-3.1457588  -0.06601325 -0.08179054]]



 [[ 3.12175861  0.04001424  0.0946448 ]]]


done







[[7]

 [2]]


tvec [[[ 24.50720802   2.60606031 138.18918032]]



 [[-38.44965326   1.31519064 134.7780023 ]]]


rvec [[[-3.13060162 -0.05945507 -0.09073897]]



 [[ 3.11220168  0.0332074   0.08666025]]]


done







[[6]

 [7]

 [2]]


tvec [[[ 88.44872168   2.63430394 144.69643796]]



 [[ 23.343217     2.65442491 140.7157041 ]]



 [[-39.75930113   1.34681042 137.16939366]]]


rvec [[[-3.14718292 -0.03064341 -0.02640256]]



 [[-3.12584688 -0.05956515 -0.07782266]]



 [[ 3.15778423  0.04448339  0.10508608]]]


done







[[6]

 [7]

 [2]]


tvec [[[ 87.0572803    2.81697832 147.3467006 ]]



 [[ 21.84917658   2.54085443 142.37953426]]



 [[-41.25784525   1.18074482 139.99875037]]]


rvec [[[-3.1479711  -0.03121304 -0.03971854]]



 [[-3.12312264 -0.06424867 -0.12958664]]



 [[ 3.12251214  0.0452828   0.16154768]]]


done







[[6]

 [7]

 [2]]


tvec [[[ 85.40704246   2.72499923 148.87053659]]



 [[ 20.49701184   2.5421042  146.01699048]]



 [[-42.63372719   1.39646441 141.94636963]]]


rvec [[[3.12148484 0.02187828 0.03124375]]



 [[3.12214488 0.06066911 0.00490476]]



 [[3.15922734 0.04663359 0.11393454]]]


done







[[7]

 [6]

 [2]]


tvec [[[ 14.44249982   2.36455548 152.17046053]]



 [[ 79.65184122   2.70038918 156.56047273]]



 [[-48.93109563   1.31113209 148.54209303]]]


rvec [[[ 3.09145751  0.07126251  0.03857787]]



 [[ 3.1238926   0.02992869  0.03110369]]



 [[-3.12070749 -0.04031599 -0.16130466]]]


done







[[7]

 [6]

 [2]]


tvec [[[ 12.42290014   2.51539991 153.91925376]]



 [[ 77.51398243   2.63460309 159.10305321]]



 [[-50.872983     1.07687185 150.13520259]]]


rvec [[[ 3.12464513  0.06273861  0.07455524]]



 [[ 3.12525959  0.019763    0.02066734]]



 [[-3.13636677 -0.04523034 -0.15384794]]]


done







[[7]

 [6]

 [2]]


tvec [[[ 10.15002088   2.50400238 155.86449454]]



 [[ 75.46758464   2.81260896 161.46502655]]



 [[-52.98041002   1.14712964 152.3893245 ]]]


rvec [[[ 3.1466766   0.07460172  0.12065552]]



 [[-3.16465053 -0.03637233 -0.02588872]]



 [[-3.15426739 -0.03753342 -0.16352366]]]


done







[[7]

 [2]

 [6]]


tvec [[[  4.40145795   2.44908869 162.71391199]]



 [[-59.31315068   0.99515718 159.89750269]]



 [[ 68.8059799    2.78142258 167.4070893 ]]]


rvec [[[ 3.14525363  0.06213601  0.19505513]]



 [[-3.13353751 -0.04890916 -0.197813  ]]



 [[-3.14932736 -0.02700322 -0.08840545]]]


done







[[7]

 [2]

 [6]]


tvec [[[  2.49752035   2.374443   165.84260285]]



 [[-60.37385268   1.27098964 161.1590432 ]]



 [[ 67.84027999   2.75603608 171.09261266]]]


rvec [[[ 3.12646207  0.06546493 -0.0221722 ]]



 [[-3.12216108 -0.04006773 -0.13797115]]



 [[-3.13513542 -0.0177959  -0.0584001 ]]]


done







[[7]

 [2]

 [6]]


tvec [[[  1.95270476   2.72268114 167.84868453]]



 [[-61.40080809   1.3021887  164.57356928]]



 [[ 66.71312825   2.83921889 172.33214322]]]


rvec [[[-3.04223334 -0.06448176 -0.07393375]]



 [[-3.1153048  -0.04207185 -0.17934875]]



 [[-3.14801301 -0.02655199 -0.06900939]]]


done







[[7]

 [6]

 [2]]


tvec [[[ -0.20323156   2.53657472 174.60463952]]



 [[ 65.09986589   2.73585084 179.95356353]]



 [[-63.42289582   1.11651607 170.50147744]]]


rvec [[[ 3.09100329  0.05572971  0.06237728]]



 [[ 3.11938075  0.04503909  0.00626384]]



 [[-3.15978395 -0.04178761 -0.10225217]]]


done







[[7]

 [6]

 [2]]


tvec [[[  0.40480254   2.70653522 176.55551746]]



 [[ 65.09853147   2.85542534 181.04556494]]



 [[-63.10902115   1.21790961 174.25869609]]]


rvec [[[3.12641107 0.07117061 0.17559772]]



 [[3.13018428 0.01812476 0.0509548 ]]



 [[3.11419816 0.03100049 0.08447654]]]


done







[[7]

 [6]

 [2]]


tvec [[[ 4.31782531e-02  2.75286192e+00  1.78827664e+02]]



 [[ 6.47799821e+01  2.76414978e+00  1.82533911e+02]]



 [[-6.36568830e+01  1.27507810e+00  1.77417975e+02]]]


rvec [[[-3.07229469 -0.06115944 -0.05587832]]



 [[ 3.11589964  0.02660835  0.02894175]]



 [[-3.13365746 -0.05405979 -0.17995188]]]


done







[[7]

 [6]

 [2]]


tvec [[[  1.41544057   2.51264474 186.8886097 ]]



 [[ 66.47614418   2.68985198 189.58418716]]



 [[-61.97954882   1.29361993 183.87203656]]]


rvec [[[ 3.07092958  0.07771542  0.05789204]]



 [[ 3.13028228  0.02895932  0.0319062 ]]



 [[-3.14836558 -0.03812877 -0.05923034]]]


done







[[7]

 [6]

 [2]]


tvec [[[  2.80057335   2.72917571 189.55281622]]



 [[ 67.69907418   2.92976225 191.8792853 ]]



 [[-61.01849071   1.33344371 188.75468541]]]


rvec [[[-3.06419226 -0.06361207 -0.03627412]]



 [[-3.14229022 -0.02661805 -0.0332436 ]]



 [[-3.1349074  -0.04139661 -0.15219016]]]


done







[[7]

 [6]

 [2]]


tvec [[[  4.13597417   2.94612807 191.81947994]]



 [[ 69.06827653   2.96238832 194.02386107]]



 [[-59.61785157   1.35052438 191.81039818]]]


rvec [[[-3.06338129 -0.06390505 -0.02617888]]



 [[-3.14507863 -0.00601344  0.0232591 ]]



 [[-3.13522402 -0.05740504 -0.0762049 ]]]


done







[[6]

 [7]

 [2]]


tvec [[[ 72.62015322   3.08479932 201.55901376]]



 [[  7.38466268   2.37566062 199.46555705]]



 [[-56.52427105   1.595338   201.0098386 ]]]


rvec [[[-3.14002391 -0.02701576  0.01369879]]



 [[ 2.96758606  0.07026603 -0.01663663]]



 [[-3.04030298 -0.06524312 -0.27281041]]]


done







[[6]

 [7]

 [2]]


tvec [[[ 73.85231768   2.88851761 204.09948231]]



 [[  8.71303712   2.74658344 201.27987508]]



 [[-55.04837509   1.48984052 202.64968081]]]


rvec [[[ 3.11575001  0.02861572 -0.03971144]]



 [[-3.09198971 -0.06954244 -0.23627523]]



 [[-3.14953971 -0.0513512  -0.10237786]]]


done







[[6]

 [7]

 [2]]


tvec [[[ 73.88449652   2.90974723 204.38810728]]



 [[  8.94274747   2.81812801 204.47307289]]



 [[-54.77338239   1.46597702 205.90410194]]]


rvec [[[ 3.13213625  0.03081547  0.04927021]]



 [[-2.98239891 -0.06246577  0.03506498]]



 [[-3.09449024 -0.04582934 -0.1753285 ]]]


done







[[6]

 [7]

 [2]]


tvec [[[ 75.10356555   2.86887688 208.90415532]]



 [[  9.89622829   2.4283287  207.16921506]]



 [[-53.85633036   1.27459694 208.50348244]]]


rvec [[[ 3.13699129  0.01830574 -0.00598182]]



 [[ 3.01050985  0.0685925  -0.00911635]]



 [[ 3.08951553  0.02779317  0.09298094]]]


done







[[6]

 [7]

 [2]]


tvec [[[ 76.62530047   2.83916655 216.80965209]]



 [[ 11.44517483   2.8763133  215.85020371]]



 [[-52.19768744   1.23734433 216.15862626]]]


rvec [[[ 3.11555345  0.02922638 -0.09059837]]



 [[-3.05517876 -0.06012855 -0.12185416]]



 [[ 3.11647552  0.04003346  0.0598184 ]]]


done







[[6]

 [7]

 [2]]


tvec [[[ 77.66949548   3.15042761 220.09854778]]



 [[ 12.30787424   2.65032989 219.01122256]]



 [[-51.20564066   1.50876597 219.61478278]]]


rvec [[[-3.11876854 -0.02337384  0.04826078]]



 [[ 3.17426674  0.05919325  0.04955435]]



 [[-3.12802341 -0.04753794 -0.03747943]]]


done







[[6]

 [7]

 [2]]


tvec [[[ 78.47200359   2.95782561 223.23123294]]



 [[ 13.1007479    2.73119794 220.61734434]]



 [[-50.816903     1.74412582 223.44575631]]]


rvec [[[-3.12609065 -0.02592877  0.11191608]]



 [[-3.14782814 -0.06720682 -0.13512295]]



 [[-3.02281029 -0.04711557 -0.20360922]]]


done







[[6]

 [7]

 [2]]


tvec [[[ 76.65476024   3.11770876 228.72701985]]



 [[ 11.01989291   3.05265278 227.88190821]]



 [[-52.50052717   1.69574438 228.23192106]]]


rvec [[[ 3.14126755  0.01720795 -0.12022693]]



 [[-3.02702628 -0.05630548 -0.05801174]]



 [[-3.10855098 -0.05809015  0.00443498]]]


done







[[6]

 [7]

 [2]]


tvec [[[ 75.87502766   2.99678653 231.10757745]]



 [[  9.92534199   2.83463316 230.08017981]]



 [[-53.99963331   1.64598091 231.56813661]]]


rvec [[[ 3.10892724  0.03033502 -0.16603243]]



 [[ 3.12340399  0.0680823  -0.06265139]]



 [[-3.06681103 -0.05342219 -0.15459162]]]


done







[[6]

 [7]

 [2]]


tvec [[[ 74.22091593   3.26281074 230.95095872]]



 [[  8.60331795   2.9463945  231.31148228]]



 [[-55.16294464   1.59291186 232.59996767]]]


rvec [[[-3.1245349  -0.02640531  0.06424401]]



 [[-3.05942487 -0.06416102  0.09081856]]



 [[-3.13138607 -0.04974817 -0.02565584]]]


done







[[6]

 [7]

 [2]]


tvec [[[ 72.35843751   3.01726846 232.34131058]]



 [[  7.17662196   2.80374584 232.11934965]]



 [[-57.14839445   1.74527674 234.41783868]]]


rvec [[[ 3.13360605  0.03203065 -0.07789988]]



 [[ 3.17769186  0.06367243  0.10441171]]



 [[-3.10866815 -0.06602118 -0.07497685]]]


done







[[6]

 [7]

 [2]]


tvec [[[ 64.41507943   2.88872065 233.01617546]]



 [[ -0.34210845   2.80487165 232.96586798]]



 [[-63.6736152    1.46355806 233.27118285]]]


rvec [[[ 3.1454414   0.01747826 -0.01532059]]



 [[-3.10490465 -0.05814978 -0.18187308]]



 [[-3.16779941 -0.03775323  0.0082676 ]]]


done







[[6]

 [7]

 [2]]


tvec [[[ 62.5087279    2.98610833 234.43911898]]



 [[ -2.896013     2.65468198 233.65530421]]



 [[-66.81670529   1.50029731 236.19301099]]]


rvec [[[ 3.11389718  0.02881812 -0.10128282]]



 [[ 3.24142901  0.07816913 -0.07669641]]



 [[-3.15427785 -0.05947827 -0.05809695]]]


done







[[6]

 [7]

 [2]]


tvec [[[ 60.17566461   2.94803513 236.83275018]]



 [[ -5.40657206   2.67280106 235.34460429]]



 [[-69.07827934   1.24174074 234.71169058]]]


rvec [[[-3.09541263e+00 -2.79157639e-02  2.38369169e-01]]



 [[ 3.12713335e+00  6.90240773e-02 -3.26047063e-02]]



 [[-3.17570407e+00 -6.14257782e-02  2.76437751e-03]]]


done







[[6]

 [7]]


tvec [[[ 49.84455349   2.88683413 234.95046358]]



 [[-15.06686241   2.27016848 233.4162127 ]]]


rvec [[[ 3.16215175  0.01305989 -0.16656416]]



 [[ 2.96293946  0.05788756  0.08497221]]]


done







[[6]

 [7]

 [2]]


tvec [[[ 46.53430342   3.09735272 234.70399938]]



 [[-18.36856349   2.60570177 233.87264225]]



 [[-83.25996406   1.41297785 237.37169932]]]


rvec [[[-3.00081691 -0.00790602  0.16705002]]



 [[-2.9815943  -0.08200537 -0.16712128]]



 [[-3.16957575 -0.05115979 -0.05965018]]]


done







[[6]

 [7]

 [2]]


tvec [[[ 43.12657295   2.70450526 234.42870957]]



 [[-22.01664231   2.60788011 234.64238622]]



 [[-86.35116471   0.92144596 236.33014027]]]


rvec [[[ 3.12093757  0.0264951  -0.00483828]]



 [[-2.99166464 -0.07793888 -0.13891766]]



 [[-3.18453741 -0.0467237  -0.09658572]]]


done







[[6]

 [7]

 [2]]


tvec [[[ 32.12259401   2.8011899  234.26121742]]



 [[-33.09716725   2.49260402 235.16199124]]



 [[-97.22490976   0.84039772 234.74470377]]]


rvec [[[-3.03913079 -0.01785738  0.04435684]]



 [[-3.01144514 -0.09323531 -0.16445762]]



 [[-3.16347345 -0.05924625 -0.08323384]]]


done







[[6]

 [7]]


tvec [[[ 28.91919078   2.62408834 233.84662785]]



 [[-35.95723732   2.39264318 233.59922532]]]


rvec [[[ 3.18740241  0.01294849 -0.06482311]]



 [[-3.10518027 -0.06251757 -0.09589302]]]


done







[[6]

 [7]

 [2]]


tvec [[[  26.19737557    2.62124021  234.22822041]]



 [[ -38.93242511    2.5949657   234.48076627]]



 [[-102.95604097    0.83144022  232.66671419]]]


rvec [[[ 3.18465558  0.01375802 -0.04171874]]



 [[-3.0229927  -0.08319785 -0.24822169]]



 [[-3.1833617  -0.06053094 -0.04168844]]]


done







[[6]

 [7]]


tvec [[[ 16.39554981   2.58019321 231.71217998]]



 [[-49.06730873   2.33226184 233.33194664]]]


rvec [[[ 3.18021091  0.03878893  0.03394892]]



 [[-3.06927843 -0.09842529 -0.22515669]]]


done







[[6]

 [7]

 [2]]


tvec [[[  12.92303009    2.4712235   231.60459759]]



 [[ -52.24725868    2.25978614  230.47223944]]



 [[-117.03389801    0.76023158  229.90693722]]]


rvec [[[-3.09369743 -0.0268317  -0.10386379]]



 [[-3.1277949  -0.07317764 -0.07566846]]



 [[-3.16018094 -0.04771956 -0.10002957]]]


done







[[6]

 [7]

 [2]]


tvec [[[   9.03937391    2.67884052  229.04508814]]



 [[ -56.0276329     1.96721079  228.58538032]]



 [[-120.47196488    0.4999886   227.53904351]]]


rvec [[[-2.96979726 -0.03297418 -0.02226915]]



 [[-3.18739383 -0.0694032   0.00362984]]



 [[-3.18564259 -0.04540527 -0.09277921]]]


done







[[6]

 [7]

 [2]]


tvec [[[  -1.76889168    2.48082666  225.59318851]]



 [[ -66.42203148    1.8782586   225.17035323]]



 [[-132.02024673    0.42486145  224.98512741]]]


rvec [[[-2.91043191 -0.03251161  0.00793217]]



 [[-3.16321301 -0.07895605 -0.01907616]]



 [[-3.15859508 -0.03299692 -0.18869145]]]


done







[[6]

 [7]

 [2]]


tvec [[[  -4.01780765    2.14062093  227.15169302]]



 [[ -69.44257784    1.80150126  225.56747112]]



 [[-134.31285251    0.43040195  223.9787685 ]]]


rvec [[[ 3.01749163  0.02588001  0.11176208]]



 [[-3.1379276  -0.0903516  -0.06860323]]



 [[-3.16055603 -0.03317522 -0.15046901]]]


done







[[6]

 [7]

 [2]]


tvec [[[  -5.99516147    2.37512311  226.98056808]]



 [[ -70.90534605    1.88085887  223.94837264]]



 [[-136.2689437     0.43476398  222.96263777]]]


rvec [[[ 3.24579616  0.04381117  0.13777682]]



 [[-3.16450043 -0.07855046 -0.07276996]]



 [[-3.16012182 -0.03277675 -0.17399818]]]


done







[[6]

 [7]

 [2]]


tvec [[[ -11.24023974    2.49928752  224.39982459]]



 [[ -76.47061133    1.90076232  222.50223751]]



 [[-141.56172259    0.43337616  220.16182164]]]


rvec [[[-2.9901657  -0.03327016 -0.19458823]]



 [[ 3.12706611  0.07493863  0.10014697]]



 [[-3.17978391 -0.03247802 -0.1422811 ]]]


done







[[6]

 [7]]


tvec [[[-11.58804666   1.96355785 224.66634746]]



 [[-77.18112663   1.82780913 224.43591785]]]


rvec [[[ 2.97519921  0.02022517  0.02220671]]



 [[-3.12170407 -0.06969038 -0.22388848]]]


done







[[6]

 [7]

 [2]]


tvec [[[ -11.39815014    2.29321709  225.57077887]]



 [[ -76.67502217    1.92016971  222.37338852]]



 [[-142.86005042    0.57427502  222.21910297]]]


rvec [[[ 3.17259452  0.01964638  0.22070346]]



 [[-3.13018748 -0.08044571 -0.10185186]]



 [[-3.16385936 -0.04606285 -0.17474755]]]


done







[[6]

 [7]

 [2]]


tvec [[[-1.09427155e+01  2.33904391e+00  2.24602275e+02]]



 [[-7.66175480e+01  1.70135738e+00  2.25481530e+02]]



 [[-1.41196703e+02  2.09717056e-01  2.20599030e+02]]]


rvec [[[-3.0485242  -0.03579742 -0.00446672]]



 [[ 3.11882276  0.07684168  0.28259932]]



 [[ 3.12634067  0.05817063  0.07961091]]]


done







[[6]

 [7]

 [2]]


tvec [[[ -10.62366736    2.35433077  225.40396419]]



 [[ -75.57426233    1.90010965  222.77338329]]



 [[-141.93268478    0.34000419  222.07448248]]]


rvec [[[-3.04055266 -0.04158157 -0.04550101]]



 [[ 3.12784074  0.07501064  0.08884335]]



 [[-3.14383869 -0.04676404 -0.18279987]]]


done







[[6]

 [7]

 [2]]


tvec [[[-1.00508997e+01  2.18465787e+00  2.25477034e+02]]



 [[-7.49333399e+01  1.88334361e+00  2.22767842e+02]]



 [[-1.40391825e+02  2.08069045e-01  2.20910407e+02]]]


rvec [[[ 3.07731681  0.03580339 -0.08144363]]



 [[-3.16490954 -0.078117   -0.12373808]]



 [[ 3.12470555  0.05782361  0.12851642]]]


done







[[6]

 [7]

 [2]]


tvec [[[  -6.65495153    2.40680471  225.37290179]]



 [[ -71.7074374     2.01140292  222.59502849]]



 [[-134.72540803    0.54743972  217.45699901]]]


rvec [[[-3.08633058 -0.02968847 -0.2279215 ]]



 [[-3.13816234 -0.06613751 -0.06953997]]



 [[-3.16564952 -0.04608694 -0.04007779]]]


done







[[6]

 [7]

 [2]]


tvec [[[  -5.42434887    2.4987352   224.93220164]]



 [[ -70.76583664    1.89738085  223.97511884]]



 [[-134.76512218    0.67430822  219.36373975]]]


rvec [[[-2.99874138 -0.0509822  -0.08268214]]



 [[ 3.12949859  0.07546698  0.11754227]]



 [[-3.16031764 -0.03435178 -0.07247421]]]


done







[[6]

 [7]

 [2]]


tvec [[[  -3.51192409    2.57822567  225.05430818]]



 [[ -68.77833511    1.88137511  224.31593941]]



 [[-132.7473498     0.41884446  220.22015215]]]


rvec [[[-3.02554778 -0.03989257 -0.16007577]]



 [[-3.15928576 -0.07911186 -0.13981872]]



 [[-3.17017257 -0.05829883 -0.05054488]]]


done







[[6]

 [7]

 [2]]


tvec [[[   4.5745667     2.50681075  225.71874566]]



 [[ -60.74527291    1.96930747  225.22971643]]



 [[-125.45919368    0.63465794  223.53919882]]]


rvec [[[ 3.17408821  0.03961877  0.11581972]]



 [[ 3.1098949   0.06401106  0.07704864]]



 [[-3.17928014 -0.03314946 -0.11231949]]]


done







[[6]

 [7]

 [2]]


tvec [[[   7.98221121    2.719746    225.8357842 ]]



 [[ -57.23366735    2.11021204  226.5951199 ]]



 [[-122.27449701    0.90013655  224.97801786]]]


rvec [[[-3.00583826 -0.01756945  0.05682189]]



 [[ 3.12993178  0.0989124   0.15690218]]



 [[-3.14419743 -0.05932014 -0.13916738]]]


done







[[6]

 [7]]


tvec [[[ 12.66099542   2.8596098  224.78284394]]



 [[-52.62407961   2.42974533 226.27558996]]]


rvec [[[-2.96560448 -0.02425786  0.05576975]]



 [[-3.02932079 -0.09198652 -0.21393058]]]


done







[[6]

 [7]]


tvec [[[ 31.06067527   3.04000606 224.92835826]]



 [[-34.06580191   2.61730468 224.52688283]]]


rvec [[[-3.02720425 -0.02076527  0.07763867]]



 [[-3.00963959 -0.09108696 -0.183605  ]]]


done







[[6]

 [7]]


tvec [[[ 35.80187252   2.87506095 224.71207376]]



 [[-29.35382889   2.42058477 223.42598411]]]


rvec [[[-3.08920374 -0.02155127  0.00928222]]



 [[-3.06839147 -0.07862039 -0.3186296 ]]]


done







[[6]

 [7]]


tvec [[[ 40.1682971    2.88064036 223.92616916]]



 [[-25.02080479   2.56903277 223.04263663]]]


rvec [[[-3.08348775 -0.01979323  0.05361787]]



 [[-3.03179662 -0.06338502 -0.11301726]]]


done







[[6]

 [7]]


tvec [[[ 33.16035012   2.95108076 226.97854157]]



 [[-31.50469286   2.49947721 219.0273363 ]]]


rvec [[[-3.03396569 -0.03776533  0.06659062]]



 [[-2.95245391 -0.093001   -0.30972695]]]


done







[[6]

 [7]]


tvec [[[ 24.9805942    2.77149721 228.20144779]]



 [[-39.60251865   2.46678459 219.40057514]]]


rvec [[[-3.1042814  -0.03052671  0.02184848]]



 [[-3.00190974 -0.08752944 -0.32279031]]]


done







[[6]

 [7]]


tvec [[[ 19.56275385   3.00854924 227.84784196]]



 [[-44.46602036   2.51099195 216.36967535]]]


rvec [[[-3.07342996 -0.03591993 -0.1656296 ]]



 [[-2.9408407  -0.09179751 -0.30639018]]]


done







[[6]

 [7]

 [2]]


tvec [[[  16.59136634    2.70930182  229.29365694]]



 [[ -47.64482256    2.29602451  218.6878417 ]]



 [[-111.05436497    0.61290816  209.36846004]]]


rvec [[[-3.05817867 -0.02377673 -0.07570867]]



 [[-3.05715681 -0.0872775  -0.47141993]]



 [[-3.13217739 -0.05665872 -0.23085574]]]


done







[[6]

 [7]

 [2]]


tvec [[[  15.60362706    2.74581785  228.38793159]]



 [[ -49.02858484    1.95260789  218.15055327]]



 [[-112.79174972    0.75635936  210.59647356]]]


rvec [[[ 3.15444417  0.01741015  0.21014509]]



 [[ 3.07280449  0.07134222  0.08478462]]



 [[-3.10407504 -0.07167857 -0.28556909]]]


done







[[6]

 [7]

 [2]]


tvec [[[  15.15248799    2.80253665  229.03755581]]



 [[ -48.92942802    2.2991562   218.37404959]]



 [[-111.52829757    0.71931428  207.85634546]]]


rvec [[[-3.06985286 -0.0362768  -0.13253097]]



 [[-3.05414116 -0.08793619 -0.47251845]]



 [[-3.13892468 -0.04257308 -0.19589214]]]


done







[[6]

 [7]

 [2]]


tvec [[[  14.88438013    2.84817551  227.52284413]]



 [[ -49.27764789    1.94171683  217.97693269]]



 [[-111.78168632    0.70346572  207.58192404]]]


rvec [[[-3.11120031 -0.02253679 -0.21649959]]



 [[ 3.05903154  0.06391674  0.16044785]]



 [[-3.15295982 -0.04268499 -0.23416666]]]


done







[[6]

 [7]

 [2]]


tvec [[[  14.12462681    2.73972795  228.31151922]]



 [[ -49.99870015    2.09629268  217.50048469]]



 [[-113.18584505    0.5880937   208.37683316]]]


rvec [[[-3.12070632 -0.01150709 -0.17106388]]



 [[ 3.11010976  0.06183815  0.10901577]]



 [[-3.16319335 -0.05190794 -0.22747065]]]


done







[[6]

 [7]

 [2]]


tvec [[[  13.77129285    2.64517093  227.23802332]]



 [[ -50.21655295    2.3337205   217.8262897 ]]



 [[-113.58887255    0.84523184  208.92385822]]]


rvec [[[ 3.17618613  0.01086995  0.24869749]]



 [[-3.00576338 -0.09915499 -0.55213245]]



 [[-3.12711849 -0.05696986 -0.29238819]]]


done







[[6]

 [7]

 [2]]


tvec [[[  13.46492901    2.60008906  226.9225905 ]]



 [[ -50.85299457    2.09637109  217.3195046 ]]



 [[-113.30077315    0.72281019  207.01899302]]]


rvec [[[ 3.12716276  0.03020928  0.3212748 ]]



 [[ 3.10918135  0.06172366  0.12037156]]



 [[-3.13771648 -0.04247403 -0.22072473]]]


done







[[6]

 [7]

 [2]]


tvec [[[  12.06511152    2.53381263  229.52265951]]



 [[ -51.91437051    2.30711079  217.57979944]]



 [[-114.96010878    0.59095962  207.51432306]]]


rvec [[[ 3.1564447   0.01733791  0.16943992]]



 [[-3.04613379 -0.08970143 -0.47573891]]



 [[-3.16244884 -0.05138276 -0.2526605 ]]]


done







[[6]

 [7]

 [2]]


tvec [[[  11.90874733    2.46048455  228.36327841]]



 [[ -52.26373415    2.08547103  216.92506647]]



 [[-115.49787758    0.82950476  208.00217077]]]


rvec [[[ 3.09415891  0.03624929  0.18827284]]



 [[-3.17886433 -0.06680864 -0.06950287]]



 [[-3.14791266 -0.05609959 -0.28192766]]]


done



